0 0.051667 0.475000 0.030000 0.030000
0 0.053333 0.625000 0.033333 0.030000
0 0.133333 0.431667 0.026667 0.030000
0 0.318333 0.460000 0.030000 0.033333
0 0.816667 0.708333 0.026667 0.030000
0 0.706667 0.730000 0.026667 0.026667
0 0.555000 0.666667 0.030000 0.026667
0 0.373333 0.698333 0.026667 0.030000
0 0.175000 0.456667 0.023333 0.026667
0 0.338333 0.053333 0.030000 0.033333
0 0.113333 0.655000 0.040000 0.036667
0 0.610000 0.488333 0.026667 0.036667
0 0.220000 0.470000 0.026667 0.033333
0 0.278333 0.463333 0.023333 0.020000
0 0.370000 0.506667 0.026667 0.026667
0 0.426667 0.515000 0.033333 0.023333
0 0.471667 0.536667 0.030000 0.026667
0 0.870000 0.505000 0.026667 0.023333
0 0.913333 0.518333 0.026667 0.023333
0 0.953333 0.511667 0.026667 0.036667
0 0.608333 0.701667 0.023333 0.023333
0 0.231667 0.645000 0.030000 0.023333
0 0.190000 0.565000 0.026667 0.023333
0 0.238333 0.026667 0.036667 0.033333
0 0.418333 0.050000 0.036667 0.026667
0 0.573333 0.083333 0.033333 0.033333
0 0.668333 0.090000 0.030000 0.026667
0 0.763333 0.113333 0.033333 0.033333
0 0.976667 0.105000 0.033333 0.030000
0 0.718333 0.065000 0.030000 0.030000
