0 0.186667 0.770000 0.033333 0.046667
0 0.133333 0.803333 0.046667 0.040000
0 0.311667 0.815000 0.030000 0.030000
0 0.801667 0.818333 0.036667 0.036667
0 0.566667 0.966667 0.033333 0.040000
0 0.393333 0.365000 0.033333 0.030000
0 0.296667 0.331667 0.026667 0.030000
0 0.321667 0.346667 0.030000 0.026667
0 0.473333 0.213333 0.040000 0.033333
0 0.711667 0.163333 0.036667 0.033333
0 0.066667 0.135000 0.040000 0.030000
0 0.155000 0.138333 0.043333 0.036667
0 0.108333 0.166667 0.036667 0.040000
0 0.131667 0.306667 0.043333 0.033333
0 0.900000 0.330000 0.040000 0.040000
0 0.868333 0.438333 0.043333 0.036667
0 0.938333 0.811667 0.036667 0.036667
