0 0.400000 0.485000 0.026667 0.036667
0 0.918333 0.588333 0.036667 0.036667
0 0.125000 0.903333 0.036667 0.033333
0 0.196667 0.461667 0.033333 0.030000
0 0.161667 0.313333 0.043333 0.040000
0 0.610000 0.286667 0.026667 0.033333
0 0.673333 0.505000 0.026667 0.036667
0 0.725000 0.516667 0.030000 0.033333
0 0.820000 0.483333 0.033333 0.033333
0 0.455000 0.330000 0.030000 0.026667
0 0.501667 0.328333 0.043333 0.036667
0 0.556667 0.345000 0.040000 0.036667
0 0.146667 0.236667 0.033333 0.033333
0 0.078333 0.265000 0.036667 0.043333
0 0.135000 0.506667 0.030000 0.040000
0 0.080000 0.495000 0.026667 0.036667
0 0.526667 0.983333 0.040000 0.033333
0 0.648333 0.961667 0.036667 0.036667
